5
5
6
6
// 1
7
7
7
7
7
7
6
6
7
7
7
7
9
9
9
9
// 2
6
6
6
6
6
6
6
6
6
6
6
6
2
2
2
2
// 3
5
5
5
5
5
5
4
4
5
5
5
5
7
7
7
7
// 4
4
4
4
4
4
4
4
4
4
4
4
4
2
2
2
2
// 5
3
3
3
3
3
3
2
2
3
3
7
7
7
7
7
7
// 6
2
2
2
2
2
2
2
2
2
2
2
2
7
7
7
7
// 7
6
6
6
6
6
6
3
3
3
3
3
3
6
6
6
6
// 8
6
6
6
6
6
6
6
6
15
15
15
15
5
5
6
6
// 9
7
7
7
7
7
7
6
6
7
7
7
7
9
9
9
9
// 10
6
6
6
6
6
6
6
6
6
6
6
6
2
2
2
2
// 11
5
5
5
5
5
5
4
4
5
5
5
5
7
7
7
7
// 12
4
4
4
4
4
4
4
4
4
4
4
4
2
2
2
2
//13
3
3
3
3
7
7
6
6
6
6
6
6
7
7
7
7
//14
8
8
8
8
9
9
7
7
7
7
7
7
7
7
15
15
//15
7
7
6
6
5
5
5
5
6
6
6
6
4
4
4
4
//16
5
5
5
5
5
5
5
5
15
15
15
15
7
7
8
8
//17
9
9
9
9
9
9
8
8
8
9
9
a
a
a
b
b
//18
8
8
8
8
8
8
8
8
8
8
8
8
4
4
4
4
//19
8
7
6
7
7
7
7
7
7
7
8
8
8
8
9
9
//20
9
9
9
9
9
9
9
9
9
9
9
9
9
9
9
9
//21
5
5
6
6
7
7
7
7
6
6
7
7
8
8
8
8
//22
7
7
7
7
7
7
4
4
4
4
4
4
4
4
4
4
//23
a
a
a
a
9
9
9
9
8
8
8
8
7
7
7
7
//24
9
9
9
9
9
9
9
9
9
9
9
9
5
5
6
6
//25
7
7
7
7
7
7
6
6
7
7
7
7
9
9
9
9
//26
6
6
6
6
6
6
6
6
6
6
6
6
2
2
2
2
//27
5
5
5
5
5
5
4
4
5
5
5
5
7
7
7
7
//28
4
4
4
4
4
4
4
4
4
4
4
4
2
2
2
2
//29
3
3
3
3
7
7
6
6
6
6
6
6
7
7
7
7
//30
8
8
8
8
9
9
7
7
7
7
7
7
7
7
7
7
//31
7
7
6
6
5
5
5
5
6
6
6
6
4
4
4
4
//32
5
5
5
5
5
5
5
5
5
5
5
5
5
5
5
5