
E
E
E
15
E
E
E
15
12
12
12
15
12
12
12
15

13
13
13
15
13
13
13
15
12
12
12
12
12
12
12
15
15
15
15
15

11
11
11
15
11
11
11
15
10
10
10
15
10
10
10
15

F
F
F
15
F
F
F
15
E
E
E
E
E
E
E
E
E
E
E
15
15
15
15
15

12
12
12
15
12
12
12
15
11
11
11
15
11
11
11
15

10
10
10
15
10
10
10
15
F
F
F
F
F
F
F
15
15
15
15
15

12
12
12
15
12
12
12
15
11
11
11
15
11
11
11
15

10
10
10
15
10
10
10
15
F
F
F
F
F
F
F
15
15
15
15
15

E
E
E
15
E
E
E
15
12
12
12
15
12
12
12
15

13
13
13
15
13
13
13
15
12
12
12
12
12
12
12
15
15
15
15
15

11
11
11
15
11
11
11
15
10
10
10
15
10
10
10
15

F
F
F
15
F
F
F
15
E
E
E
E
E
E
E
E
E
E
E
15
15
15
15
15


